#1.stellarMass   #2.quartil1   #3.median   #4.quartil3   #5.mean  #6.sigma2
9.500000   0.258199    0.419085    0.545543   0.409573  0.027440
9.533333   0.211825    0.365918    0.519614   0.376134  0.033930
9.566667   0.211437    0.342841    0.458943   0.350065  0.025480
9.600000   0.205454    0.359849    0.465423   0.343648  0.026408
9.633333   0.222723    0.306588    0.445645   0.335381  0.025455
9.666667   0.171805    0.318330    0.460935   0.327320  0.031223
9.700000   0.224428    0.361416    0.482371   0.362969  0.028622
9.733333   0.182865    0.279607    0.419312   0.308995  0.029310
9.766667   0.183270    0.268951    0.428799   0.307258  0.027646
9.800000   0.185757    0.274991    0.392885   0.301014  0.024007
9.833333   0.146235    0.268006    0.380297   0.281948  0.023628
9.866667   0.199780    0.304018    0.438242   0.319190  0.027820
9.900000   0.187208    0.274391    0.397302   0.303880  0.025018
9.933333   0.175289    0.257110    0.391477   0.287829  0.022152
9.966667   0.163267    0.245067    0.423870   0.286257  0.026405
10.000000   0.169595    0.290859    0.416875   0.298297  0.027041
10.033333   0.164177    0.290079    0.379283   0.297562  0.026811
10.066667   0.172428    0.247842    0.418845   0.294179  0.026072
10.100000   0.203202    0.265472    0.399219   0.295856  0.018604
10.133333   0.166723    0.234912    0.347528   0.258293  0.016324
10.166667   0.161951    0.243985    0.332749   0.260736  0.019947
10.200000   0.137221    0.248801    0.327323   0.250406  0.018200
10.233333   0.184369    0.267814    0.331548   0.266855  0.015096
10.266667   0.144139    0.232980    0.331351   0.258243  0.022999
10.300000   0.140799    0.221787    0.299745   0.234309  0.015692
10.333333   0.151424    0.232418    0.316572   0.241487  0.014882
10.366667   0.169364    0.232759    0.299867   0.244046  0.013247
10.400000   0.155802    0.228624    0.330037   0.246106  0.017252
10.433333   0.157513    0.226531    0.300327   0.245610  0.016886
10.466667   0.148513    0.209839    0.286852   0.227531  0.014141
10.500000   0.172623    0.238508    0.319173   0.249859  0.013654
10.533333   0.141556    0.203926    0.257637   0.216042  0.011934
10.566667   0.131591    0.215162    0.277867   0.224197  0.014805
10.600000   0.118125    0.198337    0.246876   0.202916  0.010924
10.633333   0.095636    0.203584    0.261321   0.205386  0.013303
10.666667   0.103717    0.182913    0.246252   0.190889  0.010868
10.700000   0.108287    0.179124    0.224461   0.191306  0.012600
10.733333   0.103935    0.186232    0.229729   0.185022  0.010391
10.766667   0.098912    0.161067    0.222986   0.176861  0.010401
10.800000   0.106792    0.146748    0.265539   0.190441  0.013063
10.833333   0.109483    0.168266    0.233514   0.176646  0.009820
10.866667   0.071003    0.156428    0.206190   0.165214  0.010624
10.900000   0.050129    0.114444    0.180475   0.132012  0.007821
10.933333   0.101420    0.120572    0.209158   0.167674  0.011259
10.966667   0.115350    0.163581    0.216604   0.181070  0.007143
11.000000   0.115596    0.161440    0.230662   0.171745  0.006839
11.033333   0.139954    0.183072    0.241482   0.203078  0.006200
11.066667   0.121481    0.124155    0.184588   0.152845  0.003012
11.100000   0.170939    0.177265    0.183592   0.177265  0.000320
11.133333   0.073567    0.081680    0.089792   0.081680  0.000527
11.166667   0.111762    0.114108    0.147643   0.132220  0.001128
11.200000   0.142822    0.212011    0.281199   0.212011  0.038296
11.233333   0.092915    0.092915    0.092915   0.092915  -nan
11.266667   0.195926    0.195926    0.195926   0.195926  -nan
11.300000   0.150041    0.150041    0.150041   0.150041  -nan
11.333333   0.000000    0.000000    0.000000   0.000000  0.000000
11.366667   0.000000    0.000000    0.000000   0.000000  0.000000
11.400000   0.000000    0.000000    0.000000   0.000000  0.000000
11.433333   0.000000    0.000000    0.000000   0.000000  0.000000
11.466667   0.067948    0.067948    0.067948   0.067948  -nan
11.500000   0.000000    0.000000    0.000000   0.000000  0.000000
