#i-band           #i-bandErrror     #velocity         #velocityError
-21.38		  0.14		    125.9	      2.59
-20.26		  0.13		    130.7	      5.41
-20.12		  0.12		    85		      10.42
-21.26		  0.17		    125.3	      7.51
-21.14		  0.12		    159.9	      5.3
-22.41		  0.11		    236.2	      3.61
-22		  0.33		    200.7	      1.88
-22.61		  0.15		    206.3	      5.44
-22.32		  0.06		    288.4	      5.6
-21.39		  0.14		    197.8	      5.3
-22.09		  0.08		    212.8	      18.92
-22.63		  0.08		    253		      15.14
-22.22		  0.08		    229		      9.05
-23.52		  0.16		    289.7	      3.09
-21.43		  0.14		    173.4	      3.01
-21.63		  0.15		    180.9	      2.22
-21.48		  0.17		    161.7	      2.73
-22.76		  0.22		    225.2	      3.92
-21.92		  0.14		    179.7	      4.74
-22.5		  0.16		    277.1	      34.85
-21.38		  0.1		    195.8	      5.73
-23.02		  0.23		    310.8	      11.27
-22.39		  0.14		    189.5	      2.63
-22.37		  0.12		    230.9	      3.52
-21.44		  0.16		    166.5	      2.12
-18.64		  0.13		    75.81	      8.53
-19.19		  0.15		    76.63	      3.64
-22.52		  0.1		    201.8	      1.77
-22.78		  0.12		    235.1	      3.47
-22.36		  0.06		    216		      3.35
-21.71		  0.16		    191.2	      3.43
-21.81		  0.12		    102.9	      4.08
-22.69		  0.16		    245.9	      3.7
-23.03		  0.24		    241.1	      2.48
-22.2		  0.09		    211.3	      3.52
-21.66		  0.1		    181.7	      6.39
-22.52		  0.09		    253.2	      3.51
-22.89		  0.18		    240.8	      6.02
-23.03		  0.16		    246.6	      2.41
-21.54		  0.2		    180.4	      3.01
-22.24		  0.09		    184.1	      3.19
-22.43		  0.11		    215.8	      3.67
-22.28		  0.13		    196.2	      3.64
-21.79		  0.08		    187.3	      3.27
-22.37		  0.17		    196.2	      2.85
-20.14		  0.11		    99.89	      1.67
-22.38		  0.12		    225.8	      2.49
-21.83		  0.09		    196.9	      2.22
-21.81		  0.12		    157.2	      3.7
-18.66		  0.1		    83.27	      10.19
-21.61		  0.14		    198.9	      21.1
-19.48		  0.15		    95.73	      3.73
-22.33		  0.16		    253		      4.61
-21.04		  0.1		    174.2	      4.07
-19.01		  0.14		    89.33	      13.12
-22.5		  0.16		    246		      4.41







2011-04-30 13:45                                                Página 2


-21.41		  0.22		    162.1	      3.3
-21.05		  0.13		    175.6	      3.67
-21.82		  0.21		    138.6	      1.99
-19.48		  0.16		    82.26	      3.3
-20.07		  0.15		    96.2	      5.17
-22.16		  0.14		    255.9	      3.6
-22.2		  0.11		    211.8	      3.26
-19.35		  0.16		    106		      4.68
-21.13		  0.15		    141		      2.94
-19.78		  0.14		    116.5	      5.97
-22.25		  0.18		    188.2	      2.59
-22.07		  0.1		    258.1	      4.55
-21.75		  0.16		    204.3	      2.38
-19.21		  0.14		    79.14	      9.06
-23.02		  0.21		    257.6	      12.38
-21.08		  0.11		    158.5	      2.92
-22.66		  0.14		    258.7	      3.92
-20.9		  0.22		    126.5	      2.45
-21.58		  0.23		    181.3	      3.68
-19.02		  0.13		    83.87	      16.93
-19.44		  0.15		    70.51	      6.38
-20.49		  0.11		    159		      3.22
-19.37		  0.15		    87.77	      6.33
-20.94		  0.23		    136.8	      1.8
-20.63		  0.15		    135.3	      3.11
-21.96		  0.05		    204.9	      6.99
-19.72		  0.12		    110.1	      3.17
-22.18		  0.16		    232		      2.26
-20.47		  0.12		    120		      4.14
-22.05		  0.07		    225.4	      4.46
-21.42		  0.1		    155.9	      2.4
-19.18		  0.13		    104.5	      3.7
-19.22		  0.14		    70.95	      14.57
-21.42		  0.12		    190.9	      4.7
-20.9		  0.13		    149.2	      3.67
-22.54		  0.07		    195.8	      3.67
-21.11		  0.11		    172.3	      6.54
-21.82		  0.1		    180.9	      3.69
-22.82		  0.1		    253.1	      4.43
-21.75		  0.11		    164.7	      4.57
-21.17		  0.1		    151.7	      2.24
-22.79		  0.13		    261		      2.75
-22.37		  0.09		    217.5	      3.94
-19.87		  0.13		    98.26	      3.74
-21.87		  0.19		    194.2	      4.98
-21.28		  0.16		    159		      3.13
-21.31		  0.15		    153.5	      2.9
-22.68		  0.19		    235		      2.92
-21.66		  0.14		    168.7	      2.24
-21.51		  0.12		    132.5	      3.1
-22.17		  0.15		    191.1	      2.29
-19.26		  0.13		    81.72	      22.3
-18.63		  0.1		    62.84	      7.6
-19.23		  0.12		    72.07	      3.76
-19.3		  0.17		    80.06	      3.38
-22.07		  0.15		    249.7	      2.78







2011-04-30 13:45                                                Página 3


-22.35		  0.12		    222		      8.15
-22.37		  0.1		    160.3	      3.77
-19.53		  0.14		    63.72	      5.09
-20.54		  0.16		    114.4	      5.05
-20.59		  0.09		    140.3	      4.63
-19.97		  0.15		    110.2	      9.94
-20.75		  0.17		    115.6	      2.08
-22.86		  0.18		    288.7	      5.34
-20.29		  0.11		    110.7	      4.38
-22.38		  0.17		    210.8	      3.31
-22.2		  0.09		    218.2	      4.95
-20.09		  0.21		    73.98	      8.06
-20.18		  0.16		    95.67	      2.79
-20.53		  0.1		    128.4	      3.37
-20.05		  0.18		    99.77	      2.9
-20.71		  0.12		    105		      3.86
-19.12		  0.09		    72.19	      4.08
-23.16		  0.22		    270.4	      3.24
-20.95		  0.15		    107.7	      3.66
-22.23		  0.1		    211.5	      4.67
-19.54		  0.09		    54.43	      4.66
-22.26		  0.14		    269.3	      12.28
-22.65		  0.17		    222		      5.48
-20.53		  0.11		    153.9	      3.85
-22.57		  0.16		    190.6	      2.87
-21.55		  0.15		    153.3	      6.6
-20.81		  0.11		    131.4	      3.43
-20.91		  0.15		    96.98	      3.32
-20.52		  0.2		    116.4	      5.05
-22.29		  0.18		    188.9	      4.28
-20.37		  0.1		    121		      20.26
-20.56		  0.11		    132.1	      3.65
-20.41		  0.13		    126.3	      2.51
-21.97		  0.11		    178.5	      3.46
-22.41		  0.09		    200.2	      10.09
-19.59		  0.11		    117.3	      71.37
-21.83		  0.1		    162.7	      3.15
-21.59		  0.14		    158.2	      2.99
-21.32		  0.13		    157.9	      2.59
-19.83		  0.18		    80.27	      3.21
-19.03		  0.15		    78.7	      8.09
-22.95		  0.14		    211.6	      2.25
-21.09		  0.1		    151.3	      3.58
-21.57		  0.17		    187.1	      3.29
-20.71		  0.19		    113.6	      2.45
-22.75		  0.19		    212.2	      5.02
-20.51		  0.14		    99.18	      2.55
-21.54		  0.1		    232		      6.74
-19.51		  0.12		    90.78	      7.8
-21.23		  0.14		    161.2	      2.03











